n_val	Epoch	Time(sec)	Loss_train	AUC_dev	AUC_test	Precision_test	Recall_test
0	1	281.5187372	903223.5756	0.96751735	0.963957349	0.896725441	0.931937173
0	2	598.6428361	2882.48451	0.973834396	0.972566296	0.942622951	0.903141361
0	3	911.8158737	44533636.44	0.975100439	0.974832929	0.928191489	0.913612565
0	4	1191.972069	687471.8988	0.976373063	0.976861902	0.926315789	0.921465969
0	5	1484.327681	2177.518533	0.976645142	0.976205678	0.883495146	0.952879581
0	6	1788.415983	969.4174408	0.971530507	0.97597866	0.910485934	0.931937173
0	7	2093.785741	1257.035662	0.975849751	0.978369443	0.903225806	0.952879581
0	8	2374.585292	452.4402995	0.978426816	0.980813434	0.925831202	0.947643979
0	9	2661.061923	699.3231705	0.973226608	0.980398417	0.905472637	0.952879581
0	10	2965.29059	371.5216735	0.979905694	0.987130918	0.930946292	0.952879581
0	11	3249.024277	239.9369281	0.979593023	0.984963606	0.880952381	0.968586387
0	12	3561.986552	142.9129284	0.978110854	0.985435378	0.921717172	0.955497382
0	13	3846.177195	80.58911413	0.977726873	0.985868131	0.915	0.958115183
0	14	4126.262425	53.59354172	0.978460826	0.986010017	0.933333333	0.952879581
0	15	4426.722927	40.44359039	0.978212884	0.986109338	0.933673469	0.958115183
0	16	4710.685331	29.00196374	0.977161871	0.986024206	0.933673469	0.958115183
0	17	4993.799642	22.35237691	0.977170648	0.986017111	0.93129771	0.958115183
1	1	310.2541473	40502.93451	0.963727892	0.966174321	0.965217391	0.871727749
1	2	589.5359783	1514.652728	0.980805234	0.981838562	0.941952507	0.934554974
1	3	881.415799	874.489802	0.984186106	0.984342854	0.926208651	0.952879581
1	4	1178.376956	760.3188402	0.964493187	0.969253253	0.874109264	0.963350785
1	5	1460.082714	445.5756057	0.984043776	0.981561884	0.927135678	0.965968586
1	6	1746.602097	348.1854884	0.983277387	0.982445125	0.922885572	0.971204188
1	7	2027.010883	250.0694897	0.984447773	0.985077115	0.9325	0.976439791
1	8	2295.961871	151.9965938	0.985932378	0.986666241	0.955263158	0.95026178
1	9	2575.75672	115.613718	0.98820308	0.986265412	0.950649351	0.958115183
1	10	2854.630745	104.3433023	0.98668125	0.986336356	0.949868074	0.942408377
1	11	3110.675963	63.23491325	0.985364155	0.983218405	0.952380952	0.942408377
1	12	3356.230729	36.13295608	0.98585355	0.980724755	0.95026178	0.95026178
1	13	3631.800685	31.94852922	0.984984245	0.980054342	0.95026178	0.95026178
1	14	3934.499962	25.65360893	0.983064988	0.979767023	0.93877551	0.963350785
1	15	4234.846306	20.97543887	0.983740505	0.979713815	0.943152455	0.955497382
1	16	4518.186218	19.85493239	0.983112066	0.979703174	0.943589744	0.963350785
1	17	4797.766681	18.30094981	0.983116445	0.979706721	0.943589744	0.963350785
2	1	300.6567144	3733797.048	0.969877026	0.970512493	0.922077922	0.929319372
2	2	584.1974364	7046.397476	0.976109969	0.978163708	0.916449086	0.918848168
2	3	865.9173703	2408.007048	0.976358368	0.979252685	0.938337802	0.916230366
2	4	1158.1186	2948988.947	0.97577403	0.975311795	0.936339523	0.92408377
2	5	1439.487838	925.8894949	0.976855165	0.978060841	0.933862434	0.92408377
2	6	1721.225093	710.0903974	0.976488586	0.979135629	0.903225806	0.952879581
2	7	1999.272562	598.8848174	0.980582237	0.983115538	0.939632546	0.937172775
2	8	2280.00492	565.2863071	0.982478602	0.986222847	0.964959569	0.937172775
2	9	2563.557599	452.5235664	0.981533155	0.986364733	0.95	0.945026178
2	10	2819.15318	310.5109385	0.982961173	0.98677975	0.92039801	0.968586387
2	11	3100.465153	216.8886543	0.980989305	0.986290242	0.955729167	0.960732984
2	12	3383.219755	120.6204379	0.978112477	0.984828814	0.955729167	0.960732984
2	13	3666.453362	77.60325987	0.980697135	0.986311525	0.955844156	0.963350785
2	14	3948.174818	58.28308139	0.979616	0.985630471	0.944020356	0.971204188
2	15	4231.098111	35.45628199	0.978212056	0.985690773	0.934673367	0.97382199
2	16	4512.298774	27.95232783	0.978126703	0.985623377	0.946428571	0.971204188
3	1	280.6588817	95211.45896	0.964002044	0.966316208	0.891414141	0.92408377
3	2	560.7610158	1521.826622	0.973162209	0.978135331	0.899244332	0.934554974
3	3	840.5218558	369303.4346	0.974498066	0.976982505	0.935828877	0.916230366
3	4	1120.704748	1041.848425	0.979661627	0.97819918	0.946091644	0.918848168
3	5	1402.655423	675.5921156	0.979440081	0.984034251	0.954177898	0.926701571
3	6	1683.776137	500.1395574	0.982390373	0.985534698	0.964577657	0.926701571
3	7	1967.666779	505.3211424	0.982330051	0.986627222	0.957671958	0.947643979
4	1	280.7671927	32190.22159	0.968377776	0.972169015	0.964809384	0.861256545
4	2	558.4683837	10909941.49	0.975006312	0.977099562	0.862470862	0.968586387
4	3	837.3163028	5401.304613	0.976505912	0.979305893	0.941489362	0.926701571
4	4	1117.130619	717.4247678	0.975815393	0.977769974	0.963276836	0.892670157
4	5	1397.797139	546.3800924	0.977237049	0.981455469	0.956873315	0.929319372
4	6	1680.349185	464.9094946	0.978697127	0.980299096	0.939632546	0.937172775
4	7	1962.771746	2153.12577	0.979134053	0.983434782	0.906403941	0.963350785
4	8	2244.80871	362.5776031	0.975691342	0.980877283	0.938829787	0.92408377
4	9	2527.823732	273.0815432	0.978539043	0.983754026	0.912935323	0.960732984
4	10	2802.254781	210.0207615	0.97992008	0.984779154	0.932816537	0.945026178
4	11	3083.690278	149.6938109	0.979246029	0.982051391	0.921914358	0.958115183
4	12	3363.881839	74.86382515	0.977826569	0.983867535	0.921914358	0.958115183
4	13	3642.193842	35.70829044	0.9776114	0.983615687	0.921717172	0.955497382
4	14	3914.330678	22.33762858	0.977410502	0.983814328	0.933161954	0.95026178
4	15	4190.580586	8.469320157	0.977753016	0.983491536	0.917085427	0.955497382
4	16	4467.520787	3.431623103	0.977415991	0.982689879	0.924050633	0.955497382
4	17	4750.261007	3.688855153	0.977195332	0.982122334	0.917085427	0.955497382
4	18	5033.527794	2.105272057	0.97694174	0.982267768	0.919395466	0.955497382
4	19	5315.739313	1.555003667	0.97648176	0.981231998	0.919395466	0.955497382
4	20	5598.148954	1.387330065	0.976544335	0.981249734	0.919395466	0.955497382
0.990855432	0.960629921	0.958115183					
					
