n_val	Epoch	Time(sec)	Loss_train	AUC_dev	AUC_test	Precision_test	Recall_test
0	1	471.0127873	12825.82003	0.724042176	0.710300609	0.606818182	0.741666667
0	2	946.7462393	6349.44609	0.742592888	0.722131849	0.610983982	0.741666667
0	3	1418.667151	73055.71178	0.776905015	0.740148402	0.616291533	0.798611111
0	4	1891.922102	11920.04659	0.769618406	0.714221842	0.602693603	0.745833333
0	5	2367.48072	874116.8863	0.791655148	0.737030061	0.618311534	0.722222222
0	6	2842.665383	5033.637741	0.815051686	0.76252188	0.639306358	0.768055556
0	7	3320.332787	5077.362228	0.82275031	0.783923135	0.682926829	0.738888889
0	8	3793.571684	9994.945135	0.823469195	0.787225076	0.691719745	0.754166667
0	9	4270.410021	570849.8932	0.832651072	0.79358828	0.713296399	0.715277778
0	10	4746.202437	4321.697796	0.831718648	0.791042618	0.698717949	0.756944444
0	11	5221.070773	4078.171735	0.844732707	0.805365297	0.726648352	0.734722222
0	12	5699.05824	3905.104198	0.848849312	0.812447679	0.723719677	0.745833333
0	13	6175.2119	3735.077327	0.850068226	0.806387938	0.696233293	0.795833333
0	14	6648.46647	3640.040512	0.848106504	0.806875951	0.719787517	0.752777778
0	15	7124.791465	3265.749012	0.858310001	0.815193113	0.724637681	0.763888889
0	16	7600.855306	3105.031808	0.860931538	0.815379566	0.716883117	0.766666667
0	17	8072.11592	3023.596281	0.859480182	0.814082953	0.717447917	0.765277778
0	18	8547.410413	2803.249023	0.864306811	0.817296423	0.719433719	0.776388889
0	19	9020.10216	2710.837656	0.865405222	0.814308409	0.715374841	0.781944444
0	20	9492.52617	2629.2673	0.865510367	0.812160388	0.729693742	0.761111111
0	21	9968.41288	2613.629961	0.865822848	0.811793189	0.718045113	0.795833333
0	22	10449.82506	2539.869678	0.867638667	0.813782344	0.723735409	0.775
0	23	10929.22415	2501.473996	0.86736724	0.811517314	0.717852684	0.798611111
0	24	11408.8222	2352.785505	0.867423652	0.808413242	0.72516129	0.780555556
1	1	476.8403445	16694.85191	0.728466935	0.710474696	0.645112782	0.595833333
1	2	955.7795409	35507951.21	0.749893902	0.700144597	0.584615385	0.738888889
1	3	1431.94434	9333.795333	0.771774222	0.736531583	0.623255814	0.744444444
1	4	1903.256016	5918.256809	0.773596794	0.726586758	0.618581907	0.702777778
1	5	2377.347048	6161.468097	0.76568854	0.731864536	0.595358224	0.819444444
1	6	2851.339915	5495.065389	0.804891716	0.750993151	0.618522602	0.779166667
1	7	3329.469334	5452.910117	0.810813079	0.75608828	0.6156283	0.809722222
1	8	3805.524167	5023.419768	0.823217326	0.772732116	0.634254144	0.797222222
1	9	4279.209687	4917.08188	0.826478272	0.792596081	0.632829374	0.813888889
1	10	4757.250235	5496.774166	0.831829547	0.780302511	0.64664311	0.7625
1	11	5229.129692	4666.777021	0.839650026	0.788252473	0.672090113	0.745833333
1	12	5704.00564	4535.577713	0.84328128	0.793620624	0.68427673	0.755555556
1	13	6176.598249	3854397.577	0.850838732	0.807209855	0.712962963	0.748611111
1	14	6651.453949	4467.18361	0.862085363	0.79776446	0.69201995	0.770833333
1	15	7126.575763	4121.148987	0.854030819	0.812237443	0.708974359	0.768055556
1	16	7598.973997	3812.09965	0.870432488	0.814765982	0.695121951	0.791666667
1	17	8078.13195	17772.07631	0.871614337	0.821246195	0.715517241	0.806944444
1	18	8550.400951	3442.070929	0.867717396	0.815178843	0.736625514	0.745833333
1	19	9027.105984	3572.903365	0.87578258	0.830349125	0.75464191	0.790277778
1	20	9506.209541	3075.230468	0.878900783	0.827555175	0.748021108	0.7875
1	21	9983.63731	3013.38537	0.87498611	0.836440259	0.750666667	0.781944444
1	22	10459.28185	2774.543766	0.874422818	0.82972032	0.753369272	0.776388889
1	23	10928.95156	2605.09512	0.877536292	0.832788242	0.751329787	0.784722222
1	24	11408.35908	2537.981691	0.878066188	0.837381088	0.752	0.783333333
1	25	11883.69419	2482.783674	0.875759233	0.834980974	0.751329787	0.784722222
1	26	12356.3073	2397.492763	0.87760397	0.834980023	0.752330226	0.784722222
1	27	12827.93239	2363.697083	0.876574617	0.835176941	0.75198939	0.7875
1	28	13302.85755	2310.421818	0.877112493	0.835743912	0.752317881	0.788888889
1	29	13779.20565	2294.641103	0.87671943	0.83530917	0.754010695	0.783333333
1	30	14254.81375	2265.264087	0.876715883	0.835677321	0.750993377	0.7875
2	1	474.8468602	7144.120531	0.701265289	0.693476027	0.598876404	0.740277778
2	2	949.8139169	27492.14533	0.735931969	0.712929985	0.605988024	0.702777778
2	3	1423.282639	6095.708571	0.774091839	0.73206621	0.604102564	0.818055556
2	4	1899.240157	95444416457	0.77637717	0.726078767	0.612612613	0.755555556
2	5	2373.895417	442530.2124	0.795220482	0.741769406	0.613407821	0.7625
2	6	2849.382914	5491.758052	0.79201118	0.747353501	0.613122172	0.752777778
2	7	3323.131344	5236.090181	0.80894758	0.760186454	0.63027027	0.809722222
2	8	3799.632384	413027.3303	0.827478259	0.78766933	0.689613527	0.793055556
2	9	4275.421417	5016.477205	0.832864434	0.781310883	0.683804627	0.738888889
2	10	4752.440022	8679375.132	0.834019841	0.783812785	0.687580026	0.745833333
2	11	5225.874928	4642.985227	0.843681528	0.793120244	0.683435583	0.773611111
2	12	5691.49463	4653.485093	0.842035094	0.779162861	0.675958188	0.808333333
2	13	6167.512928	4461.024634	0.861354023	0.809640411	0.690821256	0.794444444
2	14	6641.960215	4178.147674	0.867218481	0.802762557	0.690505549	0.777777778
2	15	7115.007233	4004.636182	0.865011679	0.804098174	0.691283293	0.793055556
2	16	7588.550315	3672.976244	0.875021558	0.809335997	0.703465982	0.761111111
2	17	8063.610362	3482.95074	0.874856204	0.808314307	0.691937425	0.798611111
2	18	8534.528098	3182.603964	0.879335595	0.811325152	0.711286089	0.752777778
2	19	9010.332261	3248.80771	0.882416287	0.815111301	0.705882353	0.766666667
2	20	9486.58554	2983.353099	0.881703899	0.814127664	0.71761658	0.769444444
2	21	9962.964667	2843.680204	0.882722993	0.817409627	0.725260417	0.773611111
2	22	10438.86035	2776.676095	0.884349276	0.813984018	0.714285714	0.770833333
2	23	10916.1902	2731.171078	0.884182144	0.812834855	0.705665025	0.795833333
2	24	11392.62962	2628.614445	0.884342757	0.813956431	0.718709677	0.773611111
2	25	11867.18757	2593.276693	0.884205258	0.812780632	0.718911917	0.770833333
2	26	12341.09657	2536.185089	0.884368242	0.81233828	0.71722365	0.775
2	27	12816.66499	2520.348681	0.884391652	0.812835807	0.716645489	0.783333333
3	1	473.4451974	184540.0491	0.711958981	0.693613965	0.567369386	0.859722222
3	2	946.8152518	16175993331	0.738120084	0.710074201	0.672985782	0.591666667
3	3	1421.265554	6747.837197	0.755813513	0.713527397	0.599544937	0.731944444
3	4	1894.913088	6635.081274	0.763770966	0.72303653	0.607142857	0.731944444
3	5	2372.408713	6114.829456	0.765096714	0.704210426	0.585267407	0.805555556
3	6	2844.37109	1071427.1	0.775972472	0.738055556	0.627659574	0.7375
3	7	3318.452106	6012.414086	0.798447716	0.758713851	0.615546218	0.813888889
3	8	3793.929003	5948.353693	0.782378826	0.754023973	0.619589977	0.755555556
3	9	4271.586141	22136683.34	0.818466609	0.776679985	0.662650602	0.763888889
3	10	4746.794647	4665.377923	0.829534256	0.777054795	0.686351706	0.726388889
3	11	5225.140636	4561.035601	0.827751291	0.783173516	0.696169089	0.731944444
3	12	5701.765633	4903.204602	0.836710533	0.800197869	0.717477004	0.758333333
3	13	6173.700154	4117.652758	0.84053942	0.784923896	0.73757764	0.659722222
3	14	6650.569994	4024.837073	0.844217876	0.806541096	0.712468193	0.777777778
3	15	7121.985995	3857.241617	0.843487042	0.799136225	0.741176471	0.7
3	16	7596.285397	3500.145833	0.848050021	0.807309741	0.719787517	0.752777778
3	17	8072.100504	3277.674501	0.855645314	0.809490107	0.730717185	0.75
3	18	8546.06312	3144.854548	0.858557401	0.808339992	0.740479549	0.729166667
3	19	9019.755908	3019.205542	0.858666374	0.810865677	0.72418136	0.798611111
3	20	9496.074996	2930.208171	0.859276391	0.816453577	0.730263158	0.770833333
3	21	9968.174618	2848.437882	0.858827466	0.815397641	0.723684211	0.763888889
3	22	10441.73641	2565.311639	0.863445821	0.81598554	0.71679198	0.794444444
3	23	10917.68589	2462.197873	0.860455262	0.813283866	0.728494624	0.752777778
3	24	11391.47173	2304.860235	0.861188761	0.814628995	0.725260417	0.773611111
3	25	11865.9044	2265.925747	0.861693653	0.810915145	0.722955145	0.761111111
3	26	12341.72248	2177.142975	0.859924903	0.815743912	0.725721785	0.768055556
3	27	12814.73914	2080.542076	0.860849107	0.812496195	0.730717185	0.75
3	28	13291.00376	2053.618643	0.860896783	0.812252664	0.727150538	0.751388889
4	1	473.573891	8710.597735	0.633045913	0.618040335	0.562043796	0.534722222
4	2	945.5116355	10694.14157	0.706223615	0.704652778	0.67238422	0.544444444
4	3	1419.518383	164617.0143	0.717438866	0.694863014	0.604534005	0.666666667
4	4	1893.185204	6664.746153	0.728824774	0.703978311	0.595719382	0.695833333
4	5	2370.3623	7.74E+17	0.746821731	0.706114916	0.574038462	0.829166667
4	6	2848.703585	11290.86124	0.767703621	0.727553272	0.595551062	0.818055556
4	7	3323.46992	7219.153128	0.775190986	0.714672755	0.62183755	0.648611111
4	8	3799.360808	5913.404568	0.792503542	0.734638508	0.624561404	0.741666667
4	9	4271.588178	5591.732672	0.804549344	0.755288242	0.619587629	0.834722222
4	10	4749.925144	12866.90774	0.793547267	0.760851408	0.624864865	0.802777778
4	11	5223.910179	4804.330349	0.823661773	0.772332572	0.675126904	0.738888889
4	12	5696.171539	4871.110584	0.813868469	0.753894597	0.632	0.768055556
4	13	6171.307474	579955.6485	0.845564063	0.786333714	0.692903226	0.745833333
4	14	6644.267502	4177.768657	0.840512846	0.783171613	0.697009103	0.744444444
4	15	7118.721162	3913.137792	0.847250263	0.794812595	0.693773825	0.758333333
4	16	7595.970783	3761.261696	0.847733005	0.793804224	0.689912827	0.769444444
4	17	8068.251433	3600.29449	0.858358041	0.801539193	0.705583756	0.772222222
4	18	8541.996829	3532.12154	0.858747482	0.800825723	0.716955941	0.745833333
4	19	9014.77524	3396.339856	0.858920206	0.795884703	0.715846995	0.727777778
4	20	9488.201184	3354.385459	0.86241986	0.809208524	0.719638243	0.773611111
4	21	9964.294906	3212.553413	0.861232641	0.799803082	0.705128205	0.763888889
4	22	10445.50325	2970.516254	0.866541321	0.807399163	0.723684211	0.763888889
4	23	10922.1189	2844.695756	0.864284689	0.807500951	0.731739708	0.765277778
4	24	11401.10141	2694.27457	0.865060619	0.810834285	0.732283465	0.775
4	25	11876.39519	2632.575186	0.865257849	0.80988965	0.721649485	0.777777778
4	26	12350.16252	2579.416687	0.866387493	0.811546804	0.732542819	0.772222222
4	27	12825.80636	2541.648666	0.86513207	0.813273402	0.722368421	0.7625
4	28	13301.89111	2438.307444	0.867077799	0.81483067	0.733072917	0.781944444
4	29	13775.00007	2399.371446	0.866565827	0.815410008	0.73046875	0.779166667
4	30	14248.73075	2337.522377	0.866957926	0.815591705	0.731770833	0.780555556
0.85625	0.736775819	0.8125					
